25823
210037
411212
465777
649130
758486
1139529
1762280
2202501
3505580
4096654
4296166
4823170
5298422
5480992
5924767
6177163
6576503
7967118
8837269
9152326
9479082
11399487
11698732
13342485
13527149
13561272
16956016
17579554
18041633
18642940
18829947
20378232
21781027
24110907
24238427
24806851
27298797
30543761
31964209
33637651
33724433
36510302
37571143
37713023
37870197
39649363
40014803
40582227
42278490
43543377
43593288
61648479
64851463
67072324
68168486
80594026
82851755
91002893
98445199
104155599
106031901
106978829
107151253
117021986
118570035
126690563

